aqueduct  (1295,424)  (1325,401)  (1325,431)  (1269,393)  (1353,461)  (1355,403)  (1362,491)  (1383,433)  (1392,463)  (1413,431)  
astoria  (778,878)  (748,891)  (748,861)  (807,908)  (778,848)  (808,848)  (808,878)  (718,854)  (837,908)  (837,938)  (807,938)  (813,818)  (838,848)  (838,878)  (843,815)  (867,908)  (867,938)  (867,968)  (837,968)  (807,968)  (868,845)  (868,875)  (897,905)  (897,935)  (897,965)  (897,995)  (867,998)  (898,841)  (898,871)  (924,1025)  (927,901)  (927,931)  (927,961)  (927,991)  (894,1028)  (928,862)  (954,1021)  (954,1051)  (957,988)  (983,1081)  (984,1035)  (1013,1065)  
atlantic beach  (1890,156)  (1892,126)  (1920,156)  (1922,98)  (1886,96)  (1950,128)  (1916,68)  (1952,158)  (1956,208)  (1961,238)  (1979,268)  (1988,298)  
baychester  (41,561)  (70,591)  (40,591)  (46,531)  (71,561)  (76,526)  (100,591)  (100,621)  (70,621)  (101,556)  (65,496)  (95,496)  (106,526)  (125,477)  (130,586)  (130,616)  (131,556)  (86,466)  (136,507)  (155,466)  (160,586)  (161,537)  (166,496)  (185,456)  
bayside  (789,198)  (759,213)  (819,179)  (819,209)  (849,163)  (849,193)  (879,156)  (879,186)  
bedford  (1465,1061)  (1435,1090)  (1435,1060)  (1494,1091)  (1465,1031)  (1495,1031)  (1495,1061)  (1433,1030)  (1405,1092)  (1405,1062)  (1524,1091)  (1463,1001)  (1493,1001)  (1525,1056)  (1403,1032)  (1403,1002)  (1433,1000)  (1375,1098)  (1375,1068)  (1375,972)  (1463,971)  (1493,971)  (1373,1038)  (1373,1008)  (1405,970)  (1371,942)  (1435,941)  (1465,941)  (1343,1051)  (1343,1021)  (1401,940)  (1371,912)  (1431,911)  (1401,910)  (1370,882)  (1403,880)  
beechhurst  (675,426)  (700,456)  (681,396)  (705,426)  (711,388)  (728,486)  (730,456)  (735,418)  (686,358)  (716,358)  (741,388)  (746,353)  (756,516)  (726,521)  (765,418)  (695,328)  (771,383)  (696,537)  (786,501)  (786,531)  (756,546)  (795,431)  (816,537)  
belaire  (1152,159)  (1182,146)  (1182,176)  (1199,206)  (1169,206)  (1212,129)  (1212,159)  (1229,189)  (1226,236)  (1230,99)  (1242,129)  (1242,159)  
bergen beach  (1770,880)  (1786,850)  (1800,880)  (1816,834)  (1823,910)  (1830,864)  (1846,818)  (1853,894)  (1860,848)  
brighton  (2028,1111)  (2042,1081)  (2058,1111)  (2063,1141)  (2082,1219)  (2085,1292)  (2078,1322)  
bronx  (217,647)  (230,617)  (247,647)  (260,591)  (277,621)  (231,561)  (261,561)  (290,591)  (291,560)  (307,621)  (223,531)  (253,531)  (283,530)  (248,501)  (278,500)  
brooklyn  (1719,1107)  (1748,1137)  (1749,1090)  (1778,1120)  (1778,1150)  (1779,1060)  (1779,1090)  (1791,1180)  (1761,1180)  (1806,1030)  (1808,1120)  (1809,1060)  (1809,1090)  (1791,1210)  (1761,1210)  (1836,1009)  (1838,1120)  (1839,1039)  (1839,1069)  (1782,1240)  (1752,1240)  (1868,1099)  (1777,1270)  (1747,1270)  
brookville  (1553,220)  (1571,190)  (1583,220)  (1601,172)  (1613,202)  (1613,232)  (1615,142)  (1631,172)  (1643,202)  (1643,232)  (1645,128)  (1661,158)  (1673,188)  (1673,218)  (1650,98)  (1675,128)  (1691,158)  (1703,188)  (1703,218)  
brownsville  (1464,685)  (1493,715)  (1489,655)  (1494,685)  (1523,715)  (1523,745)  (1493,745)  (1524,669)  (1553,699)  (1553,774)  (1523,775)  (1493,775)  (1583,672)  (1533,805)  (1503,805)  (1534,835)  (1504,835)  (1474,859)  (1536,865)  (1506,865)  (1561,895)  (1531,895)  (1501,895)  
cambra  (1400,138)  (1370,167)  (1370,137)  (1429,168)  (1430,108)  (1430,138)  (1399,197)  (1369,197)  (1340,167)  (1340,137)  (1459,168)  (1459,198)  (1429,198)  (1339,198)  (1442,78)  (1460,108)  (1460,138)  (1472,66)  (1399,227)  (1369,227)  (1310,168)  (1489,168)  (1486,228)  (1456,228)  (1339,228)  (1309,228)  (1309,198)  (1439,48)  (1490,96)  (1490,126)  (1469,36)  (1499,36)  (1502,66)  (1519,156)  (1520,96)  (1520,126)  (1529,13)  (1532,43)  (1550,73)  (1550,103)  (1550,133)  (1562,18)  (1580,48)  (1580,78)  
canarsie  (1596,823)  (1625,853)  (1616,793)  (1626,823)  (1646,773)  (1655,853)  (1616,763)  (1656,803)  (1675,883)  (1646,743)  (1676,743)  (1676,773)  (1685,833)  (1686,803)  (1705,863)  (1706,765)  (1715,833)  (1716,795)  
chinatown  (1098,1336)  (1095,1306)  (1125,1306)  (1128,1336)  (1155,1279)  (1092,1276)  (1122,1276)  (1158,1309)  (1158,1339)  (1175,1369)  (1152,1249)  (1182,1249)  (1185,1279)  (1092,1246)  (1122,1246)  (1188,1309)  (1188,1339)  (1205,1369)  (1152,1219)  (1108,1216)  
clason  (373,628)  (402,658)  (372,658)  (403,603)  (432,633)  (432,663)  (433,600)  (437,693)  (462,630)  (462,660)  (463,599)  (467,690)  (492,629)  (492,659)  (493,596)  (523,599)  
country club  (356,483)  (385,513)  (355,513)  (361,453)  (386,483)  (391,448)  (415,513)  (415,543)  (385,543)  (355,543)  (416,478)  (421,430)  (445,508)  (445,538)  (446,460)  (451,420)  (475,490)  (475,546)  (476,450)  (481,417)  (505,480)  (505,510)  (506,447)  (509,387)  (511,417)  (535,477)  
cypress  (1319,570)  (1341,600)  (1349,546)  (1309,540)  (1371,576)  (1371,606)  (1341,630)  (1377,636)  (1379,546)  (1297,510)  (1401,576)  (1401,606)  (1407,636)  (1400,666)  (1370,666)  (1409,535)  (1395,696)  (1415,726)  (1421,756)  (1426,786)  
dominica  (234,976)  (264,981)  (294,1001)  (324,1018)  (481,1086)  
e harlem  (663,1046)  (676,1076)  (639,1016)  (706,1056)  (706,1086)  (736,1069)  (736,1099)  
elmhurst  (1036,730)  (1037,700)  (1039,760)  (1066,730)  (1067,691)  (1096,721)  (1053,661)  (1083,661)  (1097,691)  (1053,631)  (1083,631)  (1041,601)  (1071,601)  (1051,571)  (1081,571)  
floyd bennett  (1920,796)  (1948,826)  (1950,791)  (1978,821)  (1978,851)  (1948,856)  (1992,881)  (2008,798)  (1962,886)  (1932,886)  (1971,916)  (1941,916)  (1911,924)  (1942,946)  (1911,954)  
flushing  (912,452)  (882,481)  (882,451)  (916,482)  (912,422)  (942,422)  (942,452)  (880,421)  (852,481)  (852,451)  (972,423)  (972,453)  (850,421)  
ft tilden  (2065,542)  (2080,572)  (2011,381)  (2022,424)  (2037,470)  (2055,511)  (1987,369)  
glen oaks  (1119,61)  (1148,91)  (1125,31)  (1149,61)  (1155,25)  (1179,55)  (1185,19)  (1215,16)  
glendale  (1294,737)  (1321,767)  (1291,707)  (1321,707)  (1324,737)  (1347,797)  (1351,767)  (1277,677)  (1371,827)  (1277,647)  (1279,617)  (1270,574)  (1243,544)  
harlem  (462,1025)  (492,1019)  (522,1012)  (538,1042)  (558,1072)  (568,1013)  (588,1043)  (588,1073)  
highbridge  (437,906)  (407,931)  (466,936)  (452,876)  (467,906)  (482,861)  (497,891)  (497,921)  (503,831)  (512,861)  (527,891)  (533,812)  (542,842)  (557,872)  (557,902)  (587,880)  (587,910)  (617,909)  (647,932)  
homecrest  (1907,1031)  (1928,1061)  (1937,1006)  (1958,1036)  (1958,1066)  (1928,1091)  (1967,1002)  (1988,1032)  (1988,1062)  (1996,972)  (1997,1002)  
howard beach  (1462,551)  (1491,581)  (1476,521)  (1492,551)  (1506,507)  (1521,581)  (1522,537)  (1496,477)  (1526,477)  (1536,507)  (1538,611)  (1551,567)  (1552,537)  (1556,465)  (1486,447)  (1516,447)  (1566,495)  (1582,525)  (1582,555)  (1586,465)  (1497,417)  
j f k  (1546,313)  (1516,342)  (1516,312)  (1575,343)  (1576,287)  (1605,317)  (1605,347)  (1575,373)  (1606,286)  (1609,377)  (1635,316)  (1635,346)  (1579,403)  (1665,288)  
jackson  (936,771)  (937,741)  (966,771)  (967,726)  (941,696)  (971,696)  (944,666)  (974,666)  (951,636)  (981,636)  
jamaica bay  (1798,562)  (1827,592)  (1804,532)  (1828,562)  (1834,526)  (1857,592)  (1802,502)  (1858,556)  (1832,496)  (1862,496)  (1864,526)  (1887,586)  (1888,556)  (1892,475)  (1894,505)  (1898,616)  (1917,586)  (1918,535)  (1947,565)  (1948,517)  
la gauardia  (787,719)  (817,690)  (817,720)  (823,750)  (847,680)  (847,710)  (853,740)  (869,770)  (877,659)  (877,689)  (883,719)  
little haiti  (1585,967)  (1614,997)  (1584,997)  (1615,940)  (1644,970)  (1644,1000)  (1614,1027)  (1584,1027)  (1645,940)  (1647,1030)  (1674,970)  (1674,1000)  (1617,1057)  (1677,1030)  (1675,1060)  (1704,946)  (1704,976)  (1637,1087)  (1607,1087)  (1707,1006)  (1707,1036)  (1734,946)  (1734,976)  (1737,1006)  (1764,946)  (1764,976)  (1794,955)  
little korea  (1040,338)  (1062,368)  (1043,308)  (1070,338)  (1073,302)  (1092,368)  (1092,398)  (1062,398)  (1041,278)  (1100,332)  (1071,272)  (1101,272)  (1103,302)  (1122,362)  (1122,392)  (1122,422)  (1092,428)  (1062,428)  (1039,248)  (1130,332)  (1131,260)  (1133,290)  (1152,362)  
little neck  (839,50)  (809,79)  (868,80)  (844,20)  (869,50)  (874,15)  (898,80)  (899,45)  (904,12)  (928,75)  (929,42)  (958,72)  (959,19)  (988,49)  (989,19)  (1018,49)  (1025,19)  (1055,16)  
lower eastside  (946,1285)  (975,1315)  (945,1315)  (941,1255)  (971,1255)  (976,1285)  (1001,1230)  (1005,1315)  (941,1225)  (971,1225)  (1006,1260)  (1013,1345)  (1031,1223)  (1035,1290)  (937,1195)  (1036,1253)  (1043,1320)  
manhattan  (775,1230)  (802,1260)  (788,1200)  (805,1230)  (818,1187)  (832,1260)  (835,1217)  (802,1157)  (832,1157)  (848,1187)  (858,1290)  (862,1143)  (862,1247)  (865,1217)  (801,1127)  (831,1127)  (878,1173)  (798,1097)  (828,1097)  (801,1067)  
mt vernon  (290,795)  (319,825)  (289,825)  (272,765)  (302,765)  (320,795)  (332,753)  (349,825)  (349,855)  (319,855)  (289,855)  (273,735)  (350,783)  (303,723)  (379,813)  (379,843)  (358,885)  (328,885)  (298,885)  (268,885)  (380,779)  (409,809)  (342,915)  (312,915)  (439,787)  (469,784)  
mt zion  (1009,948)  (1036,978)  (1008,918)  (1038,918)  (1039,948)  (1068,889)  (990,888)  (1020,888)  (1069,919)  (1069,949)  (1050,859)  (992,858)  (1099,899)  (1129,909)  
navy yard  (1269,1228)  (1276,1198)  (1296,1258)  (1299,1228)  (1306,1187)  (1272,1168)  (1326,1258)  (1326,1288)  (1329,1217)  (1302,1157)  (1332,1157)  (1336,1187)  (1356,1250)  (1355,1318)  (1311,1127)  
oakland gardens  (940,155)  (961,185)  (970,144)  (991,174)  (1000,131)  (1021,161)  (1030,107)  (1051,137)  (1051,167)  (1060,102)  (1081,132)  (1081,162)  (1093,192)  
pelham bay  (142,355)  (112,384)  (171,385)  (164,325)  (172,355)  (194,306)  (128,414)  (98,414)  (161,295)  (202,336)  (68,417)  (232,324)  
port hamilton  (1741,1348)  (1770,1378)  (1740,1378)  (1771,1343)  (1800,1373)  (1800,1403)  (1770,1408)  (1740,1408)  (1801,1342)  (1825,1285)  (1825,1433)  (1830,1372)  (1830,1402)  (1795,1438)  (1765,1438)  (1831,1315)  (1836,1253)  (1855,1283)  (1855,1432)  (1860,1345)  (1860,1375)  (1861,1313)  (1848,1223)  (1866,1253)  (1878,1211)  (1885,1283)  (1890,1343)  (1891,1313)  (1896,1241)  (1854,1181)  (1884,1181)  (1908,1211)  (1914,1175)  (1915,1271)  (1921,1301)  (1926,1241)  (1938,1205)  (1918,1145)  (1944,1175)  (1945,1271)  (1948,1141)  (1956,1235)  (1968,1205)  (1974,1171)  (1975,1265)  (1986,1235)  (1998,1201)  (2004,1166)  
port totten  (831,292)  (801,285)  (843,322)  (831,262)  (861,262)  (861,292)  (771,282)  (891,254)  (891,284)  (891,314)  (741,278)  (921,255)  (921,285)  (921,315)  (949,345)  (951,255)  (951,285)  (951,315)  (979,345)  (981,266)  (981,296)  
queen village  (1267,46)  (1297,21)  (1297,51)  (1303,81)  (1327,21)  (1327,51)  (1357,19)  (1357,49)  
queens  (1150,709)  (1176,739)  (1156,679)  (1180,709)  (1186,672)  (1156,649)  (1210,702)  (1186,642)  (1216,642)  (1216,672)  (1153,619)  (1183,612)  (1213,612)  (1149,589)  (1179,582)  (1139,559)  (1169,552)  (1169,522)  (1204,492)  (1234,492)  (1206,462)  (1236,462)  
redhook  (1419,1213)  (1448,1243)  (1418,1243)  (1415,1183)  (1445,1183)  (1449,1213)  (1475,1157)  (1478,1243)  (1478,1273)  (1448,1273)  (1418,1273)  (1414,1153)  (1444,1153)  (1479,1187)  (1505,1145)  (1508,1217)  (1508,1247)  (1508,1277)  (1477,1303)  (1447,1303)  (1417,1303)  (1509,1175)  (1449,1333)  (1419,1333)  (1539,1147)  (1448,1363)  
ridgeway  (1132,832)  (1102,823)  (1132,802)  (1162,802)  (1162,832)  (1164,862)  (1092,793)  (1191,892)  (1192,785)  (1192,815)  (1194,845)  (1221,875)  (1221,905)  (1222,779)  (1222,809)  (1224,839)  (1240,935)  (1251,869)  (1251,899)  (1252,781)  (1254,811)  (1264,965)  (1270,929)  (1281,841)  (1281,871)  (1294,959)  (1300,901)  (1311,862)  
south jamaica  (1334,311)  (1304,336)  (1304,306)  (1363,341)  (1364,282)  (1274,324)  (1393,312)  (1393,342)  (1423,286)  (1423,316)  (1453,290)  (1453,320)  
sunset park  (1533,1334)  (1562,1364)  (1563,1304)  (1563,1334)  (1592,1364)  (1592,1394)  (1569,1274)  (1593,1304)  (1593,1334)  (1599,1268)  (1622,1364)  (1622,1394)  (1568,1244)  (1623,1298)  (1623,1328)  (1598,1238)  (1628,1238)  (1629,1268)  (1630,1424)  (1652,1358)  (1652,1388)  (1653,1298)  (1653,1328)  (1658,1209)  (1598,1208)  (1628,1208)  (1659,1239)  (1660,1418)  (1660,1448)  (1682,1358)  (1682,1388)  (1683,1269)  (1683,1299)  (1658,1179)  (1688,1179)  (1688,1209)  (1622,1178)  (1689,1239)  (1690,1418)  (1690,1448)  (1652,1149)  (1620,1148)  
upper westside  (563,1139)  (593,1139)  (619,1169)  (623,1136)  (649,1166)  (653,1129)  (670,1196)  (679,1159)  (700,1189)  
vancourt  (14,685)  (41,715)  (44,673)  (71,703)  (59,745)  (29,745)  (57,775)  (27,775)  
williamsburg  (1073,1089)  (1070,1059)  (1100,1059)  (1103,1089)  (1130,1032)  (1099,1029)  (1133,1062)  (1133,1092)  (1129,1002)  (1159,1002)  (1160,1032)  (1163,1062)  (1163,1092)  (1177,1122)  (1189,973)  (1130,972)  (1190,1003)  (1193,1033)  (1193,1063)  (1207,1093)  (1207,1123)  (1223,1010)  (1223,1040)  (1237,1070)  (1237,1100)  (1253,1028)  
yonkers  (29,850)  (58,880)  (28,880)  (59,845)  (88,875)  (88,905)  (89,842)  (105,812)  (113,775)  (119,842)  (131,745)  (135,805)  (143,775)  (149,835)  (161,724)  (165,805)  (173,754)  (179,835)  (191,699)  (195,784)  (203,729)  (209,814)  
